1
20 41 53 70 80
12 31 44 68 78
1 27 33 55 85

2
11 32 45 62 86
2 25 34 57 72 
5 38 49 66 89

3
3 24 43 52 73 
13 36 59 77 83
7 39 48 67 87

4
8 15 30 63 74 
18 21 51 65 82
26 46 54 76 90

5
13 31 56 65 84
4 23 33 58 78
15 25 45 69 88

6
6 21 42 60 71
17 37 44 67 89
8 26 48 51 75

7
10 32 54 63 85
2 24 35 59 79
14 29 46 66 87

8
5 20 41 61 81
11 36 50 70 83
9 18 39 53 74

9
1 22 47 62 73
16 30 49 68 90
7 27 38 52 76

10
12 34 55 72 80
3 28 40 64 82 
19 43 57 77 86

11
3 20 42 61 84
9 13 38 50 70
19 28 48 56 73

12
10 33 54 64 89
5 17 36 41 75
8 24 45 68 90

13
16 22 47 62 71
7 25 53 66 83
29 30 55 77 86

14
1 21 35 51 74
12 39 40 69 87
4 26 44 57 78

15
6 23 46 63 80
11 31 52 76 81
14 34 59 67 85

16
15 32 58 72 82
2 27 43 60 88
18 37 49 65 79

17
15 33 40 60 86
4 19 37 51 70
7 25 48 57 76

18
20 39 53 63 82
6 22 43 68 84
17 24 58 74 89

19
12 31 50 75 83
14 21 42 62 87
9 28 45 66 90

20
3 27 41 61 81
11 34 46 64 77
5 16 38 55 79

21
1 23 44 52 71
29 30 54 73 80
18 36 59 67 88

22
10 32 56 72 85
2 13 35 47 65
8 26 49 69 78

23
10 33 42 63 74
8 29 51 65 82
14 37 44 69 86

24
5 20 40 54 73
17 39 56 62 87
6 24 48 67 78

25
7 23 46 55 88
12 25 49 60 72
9 16 36 58 79

26
1 21 41 66 81
11 30 53 76 83
4 32 45 68 85

27
6 29 30 55 84
15 32 43 64 87
9 36 47 68 70

28
1 22 46 61 71
17 34 50 65 85
28 37 57 75 90

29
12 35 41 66 83
8 21 49 53 76
25 39 59 78 88

30
2 20 45 60 82
10 27 48 62 86
4 18 33 58 73

31
14 35 50 71 82
3 27 37 64 74
5 41 51 66 86

32
2 20 60 79 84
7 12 21 56 88
8 15 38 48 65

33
10 23 32 75 80
4 25 46 59 87
13 36 47 63 89

34
16 30 53 61 73
9 26 49 67 76
19 33 57 68 90

35
18 24 40 52 69
34 43 54 70 81
6 29 44 77 83

36
1 11 42 55 85
22 31 45 62 72
17 28 39 58 78

37
14 26 40 62 83
9 17 41 50 71
29 32 52 65 89

38
3 22 43 61 80
13 34 59 76 81
8 39 68 77 87

39
4 27 40 60 84
12 43 57 79 86
6 15 36 48 66

40
18 30 53 75 80
3 21 44 64 83
25 33 55 69 88